Individual	10	20	30	40	50	60	70	80	90	100	110	120	130	140	150	160	170	180	190	200	210	220	230
14347	0.0120491605751	0.5783597076070001	0.71893324765	2.5965941039400002	3.7553217125900002	4.01839505181	11.8222347176	12.4909631296	16.8808739658	10.653466141900001	2.3315125712900002	0.506064744156	1.20491605751	0.79524459796	0.9257771708570001	2.8616756366000002	5.44421238654	2.85163466945	18.2504618845	1.3013093421200002	0.0	0.0	0.0
14075	0.0033849456958	0.666834302073	0.681341212197	1.42699639262	3.26840685113	5.13786400255	14.4986895425	12.9014787377	13.4628961595	9.05424617259	4.25536030329	1.02902349152	3.05950734533	5.76794746564	2.42507180921	2.1523418988599996	4.83515314461	3.6924921904500003	8.43480111026	3.2253696844300004	0.0207932378456	0.0	0.0
14265	0.013341486464	1.28967702485	1.08177219412	2.17540348732	3.1789797468799996	6.38316007931	14.251672318299999	13.9474123075	12.035132581	10.2407026516	3.70708025275	1.81629514333	4.29188207608	2.4244445679799997	2.00418774436	2.80097096374	3.83345377731	4.0439527859599975	9.03885707933	1.4412511349500001	0.00037059684622099996	0.0	0.0
14267	0.05895233282800001	1.52153163775	1.09763629218	1.88366739655	3.6129358261699998	6.1057773286199994	16.2034697659	16.3297961934	19.2381112795	7.658188759760001	2.4395036775	1.05552748302	4.578631182980001	2.25141766324	1.13974510134	1.04429846724	2.21492336197	2.99253270451	7.6273089663699984	0.946044579193	0.0	0.0	0.0
14071	0.0148264249253	0.577701056912	0.506746023341	1.30631393896	2.84985067672	4.51729396565	12.3318789317	15.012284752100001	21.216084552999998	12.3265837799	4.35261474594	1.22953423845	1.7717577785799998	1.52129710037	1.4508715819799998	2.90492025501	2.8890347997400005	2.55596975409	9.88498930379	0.779446338932	0.0	0.0	0.0
14263	0.0373995692601	0.46169123431500003	0.292748352484	1.02397441354	2.8913735958999998	4.378328884069998	11.7086444591	13.0550289524	14.876001083299998	10.6550083182	3.29761029649	1.73714551012	1.37733586103	2.61023200629	2.43097200191	4.12555938149	4.5524303271800015	6.34889929199	13.5928089656	0.54680749539	0.0	0.0	0.0
14475	0.00863930885529	1.85572354212	0.834557235421	1.6190064794799999	2.1304535637099997	3.89460043197	15.6388768898	11.8427645788	9.7313174946	10.2496760259	3.1844492440599996	0.801727861771	1.33390928726	1.29589632829	1.9714902807799999	5.1714902807800005	13.993952483800001	10.747300216	3.34859611231	0.345572354212	0.0	0.0	0.0
14477	0.0121000919607	0.8179662165430001	1.0285078166600001	0.707855379701	1.82590387687	3.34325540874	10.178597357300001	10.1689172838	13.036639078499999	11.6935288708	2.11872610232	2.08000580804	2.68864043367	1.34795024442	0.669135085427	1.8864043366699998	1.10594840521	2.2627171966499997	11.6850588064	21.3421422003	0.0	0.0	0.0
14353	0.0262861434472	0.619601952685	1.15408686945	0.9312805107019999	1.4795343597400001	3.3308298911	12.5647765678	10.429340343	13.1643509826	17.739391663499998	3.39967455251	0.433095506321	1.45199649518	1.91137814495	1.74990612092	3.15058205032	2.83514832895	5.16334960571	18.072349480499998	0.39304043059199995	0.0	0.0	0.0
14107	0.0405826818745	0.834080909052	1.27515058311	2.6079712930900003	3.11632278184	6.902259814600001	15.5282156436	13.2609252851	12.9522833098	9.92780554488	2.79486522278	1.72583194498	2.21816395403	4.0283651587	4.18108419839	2.68913665684	3.4399162715199996	3.7197231833899997	8.22012901021	0.537186552181	0.0	0.0	0.0
14069	0.00635303834059	0.43708903783200004	0.42819478415600004	13.964613576400001	2.0685492836900004	3.76036339379	10.948826276199998	12.3534830533	10.82684794	8.173819129	2.0132778501299997	1.1206759632799999	2.0094660271299998	2.6231695308300003	1.9287824402	3.48527683365	5.02271211207	3.8893300721099995	12.4652965281	2.47323782599	0.000635303834059	0.0	0.0
14461	0.0191905094208	1.03454291696	0.6908583391490001	1.8475226796900002	3.0198883461299997	3.69678995115	13.1297976274	15.7257501745	15.064549895299999	16.4462665736	3.54326587579	1.94696441033	3.21004884857	2.46510816469	1.40614096301	1.8719469644099997	2.2470341940000003	3.5205861828300007	8.34961618981	0.764131193301	0.0	0.0	0.0
14457	0.011698232397100002	0.449212124048	0.556835862101	0.731139524818	1.6026578384	3.0520688324000003	10.5915796123	11.246680626600002	16.1482400009	13.376928746099999	3.8779640396300006	0.8551407882269999	2.2507399132	2.1466256448700003	1.9056420574900002	2.67421592597	3.8452089889199996	6.1006281950800005	18.1439584479	0.43283459869199997	0.0	0.0	0.0
14323	0.00628764728814	0.550797902441	0.6595742005259999	1.2493555161499998	3.11427170181	5.4966612592900015	14.501200940599999	13.0940254775	11.9779680839	8.55497290024	1.99569924925	0.7796682637289999	3.9134316721399998	3.10106764251	2.10196048842	4.24290439004	3.64746419185	4.29257680361	15.3688962664	1.34995787276	0.0012575294576300002	0.0	0.0
14051	0.00965328613949	0.905800016089	1.14552328855	1.17850534953	2.8276083983599998	4.97466012388	12.923336819200001	13.251548547999999	10.843053656199999	9.9380580806	3.10272705333	1.6072721422299998	3.3287748370999997	3.0182607996099997	2.44469471483	3.46311640254	5.34792052128	6.38967098383	10.1689325074	3.01906524013	0.111012790604	0.0008044405116239999	0.0
14057	0.029759136985	0.800241792988	0.9109085836509999	3.4260206454000004	2.4411792058	4.66799962801	14.4131870176	14.351343811	15.6458662699	12.7485352925	3.0451966893	1.23128429276	3.5617967079	2.85873709662	2.16637217521	3.40277131963	3.3864967915900004	4.472240305030001	5.6184320654699995	0.8216311726960001	0.0	0.0	0.0
14129	0.0142861516169	1.7225017092400003	1.2714674939	1.4377991163	2.6215088217	5.216486218969999	16.552547527	16.3096829495	12.408543118699999	10.367664316299999	3.7429717236199997	0.9132932640799999	3.36949090278	2.0214904537900003	1.1806483872	2.4541567599	3.58276273763	4.43278875884	8.977825851810003	1.4020837372600001	0.0	0.0	0.0
14043	0.0207526286663	1.13101826231	0.748247555802	1.70286847445	2.46033942077	4.67164729755	11.9984781406	12.3996956281	12.250968455999999	9.00433499354	2.2678011437	1.23362848183	3.4899003873800005	2.44535141118	4.3027116768099996	4.90107913669	4.80769230769	7.17925659472	10.8640011068	2.11676812396	0.00345877144438	0.0	0.0
14335	0.024842405987	0.950222029004	1.10445196617	1.52056226646	2.9282986057200002	4.83081286423	12.8528397975	13.0143154365	12.7917688828	9.41527186908	1.7638108250799998	0.39230299454499995	1.97083087497	3.62492107361	2.77199846805	4.52442319039	5.28522187374	4.1207340931	15.856700721500001	0.255669761616	0.0	0.0	0.0
14447	0.013341285785999999	0.776933701657	0.617623053742	1.32706554495	1.9839276745400003	2.7443809643400003	9.58218232044	10.822137117	13.0108927675	9.32634354596	2.7687091913599997	0.705518583626	0.860120542441	1.1049723756899998	1.37650678051	6.55292566549	22.868533400300002	12.551010798599998	1.00216599699	0.00470868910095	0.0	0.0	0.0
14339	0.0174400353451	0.325547326443	0.43948889069700003	0.939436570591	2.96713134672	3.4461509842	10.6744643002	9.63271285563	9.94082014673	9.49086723482	11.31742027	2.44858096246	3.94493599507	3.4624283505199998	2.4055622086099997	4.04027485496	5.7296329453900015	6.013324187	11.0034996338	1.75795556279	0.00232533804602	0.0	0.0
14285	0.009918845807030001	1.24706943192	0.623083859333	2.51577998197	1.8917944093799999	10.4093778179	14.063119927899999	12.9792605951	14.7520288548	13.1469792606	2.7574391343599998	1.18034265104	1.9269612263299998	2.71055004509	1.69251577998	2.06762849414	2.11902614968	3.0477908025200002	9.4788097385	1.3805229936899999	0.0	0.0	0.0
14031	0.0115917837437	1.07223999629	1.1046969907700002	3.39755181527	7.53350025502	6.0265683683399995	12.8008067881	12.8819492744	8.53734872722	6.92609078685	1.71674317244	1.55445820003	2.23257754903	3.84963138128	2.48991514814	3.04052487597	4.17188296935	3.9817777159500003	15.645430518800001	1.02355450457	0.00115917837437	0.0	0.0
14221	0.0178044029241	0.649337047821	0.8713684254620001	2.53660375778	4.081397540899999	5.632475230930001	15.748518045299999	16.0354831277	15.3107391969	11.3414046627	3.83108858214	2.1145346766900004	1.95115309692	2.12186590143	1.51337424855	1.7783456567700002	1.85061058629	3.99656479755	6.97513667498	1.6390523868399998	0.0031419534572	0.0	0.0
14383	0.0208584752455	0.561688940538	0.554239485094	2.34210879185	2.22440739582	4.47414294015	12.3213993057	14.7573712362	20.359361730699998	21.8030661959	5.53196561331	1.0503732177200005	1.92791906912	0.9550201880239999	1.01759561376	1.3602705642200001	1.8713032077400005	1.61802172261	4.98815536584	0.260730940568	0.0	0.0	0.0
14387	0.017514157277099998	0.7239185007879999	1.04014634051	1.8798528810799997	2.93654037013	5.514040516080001	17.890711658599997	14.258470041099999	11.954385350399999	9.72911436745	2.03456127036	0.808570260961	1.47118921128	3.89592698542	1.69206219472	2.9482164749799997	3.24303812248	3.5193726039699995	12.4019693697	2.0403993227900004	0.0	0.0	0.0
14135	0.0280313648244	1.7205197166599997	1.35080874276	1.6629417781	4.4281980378	6.83965301716	17.4264176673	15.656653661099998	16.2824349407	11.3564907762	2.63949392022	1.04473654305	1.60839425736	2.47888177582	3.0175385431299997	1.45535815751	2.03416796091	3.31982272056	5.0554945263099995	0.593961892496	0.0	0.0	0.0
14385	0.022715800101	0.83038869258	1.00580514891	3.41872791519	6.40837960626	5.2233720343300005	14.8775870772	14.5242301868	11.123170116099999	8.62190812721	4.7476022211	1.44750126199	4.5179202423	2.43942453306	1.7465926299799999	1.86900555275	2.32205956588	4.66809692075	9.2895002524	0.8947501261990001	0.0012619888945	0.0	0.0
14305	0.012956664584299999	1.0226510261200001	1.16054695634	2.7805927674	3.9601119826	5.38025496865	11.240832003	8.71428240901	9.07151616113	9.624025358039999	2.3340505772699998	1.29659193448	3.1952060341000004	3.3363411304699997	3.48904467736	3.67923000393	5.48066911918	6.334883505700001	15.070451863699999	2.81576085699	0.0	0.0	0.0
14309	0.019278435692599998	1.3591297163299998	0.8083172679699999	1.41145689893	2.29826494079	3.18231892041	8.887358854310003	10.1032773341	9.81410079868	8.35031671716	8.80060589369	0.269898099697	0.619664004406	0.76287524098	1.7653538969999998	4.04434040209	20.9460203801	14.6447259708	1.9003029468500001	0.0123932800881	0.0	0.0	0.0
14435	0.00954461577619	0.41253950410400003	0.674486181517	1.42108723779	2.05315290474	4.48384838908	15.787855006700001	13.588351326700002	12.830084628900002	13.782425180799999	2.73082062485	1.5441067300100002	4.760642246590001	5.41073663224	2.89732114451	3.02034063673	2.6884001102900004	3.3628862918099998	8.040808535010001	0.500562071818	0.0	0.0	0.0
14439	0.00330218274279	0.249314797081	0.267476802166	0.6951094673579999	1.53138724697	2.47581151141	7.021266056860001	18.9875507711	16.148499157899998	13.528217151500002	2.75814813592	1.7955618663900004	3.9568404715499996	2.3610606611000002	1.26143380775	5.0746293299900005	2.83574943037	3.7900802430400002	9.98992834263	5.26863256613	0.0	0.0	0.0
14027	0.00680544095004	1.24709705409	1.48358612711	1.7141204392899998	3.0267198625300002	4.78932906859	13.923081503699999	12.1477120958	9.67988907131	7.05809294531	2.09777717285	1.05654470749	4.89651476355	3.36784259015	1.9438040713599998	4.36824240981	4.775718186690001	7.765008123999999	13.3250533802	1.3270609852600002	0.0	0.0	0.0
14251	0.0200144103755	0.4776772609610001	1.0554265738	1.72791076242	3.1789555146399997	5.1143489979500005	19.0136898567	18.5113281563	16.3604461879	11.4802657914	1.51709230646	1.69722199984	1.5377738638499998	1.50041363115	1.04208363355	2.13286899901	4.15632588797	3.36308809009	5.39922077229	0.7138473033920001	0.0	0.0	0.0
14311	0.018264654848799997	1.1598055829	1.00252661059	1.77674503557	3.8873273736400002	5.86092480036	11.843613966400001	11.6082028594	12.203833548099999	10.0354131363	1.72195107102	0.620998264858	1.3576726770899998	2.51950766608	2.39571389433	4.76504550943	5.180059055719999	5.21151485018	16.4107923816	0.42008706152099995	0.0	0.0	0.0
14313	0.0254926453718	1.0706911056200001	0.592704004895	1.23511866826	1.94126494506	4.22158207357	15.318530603900001	13.0866495016	12.3639330053	9.57886149846	2.7264384225200002	1.63917709741	1.7717388533400005	2.54289137584	2.40523109083	3.5332806485300003	4.13873097611	4.70211843883	15.1439059831	1.96038442909	0.0012746322685899998	0.0	0.0
14427	0.0703794936381	0.664901005686	0.7297242235100001	1.82431055878	1.8595003056000001	4.5172522364	11.912655344200001	12.590520993499998	12.6590483952	10.9792010075	3.6578815772400004	1.86876076528	5.62109903136	2.6725686663099997	3.7190006111900002	3.6912192321199995	3.9505121034199995	5.752597558940001	9.291945252160001	1.9632174541099998	0.0037041838756900003	0.0	0.0
14425	0.0235335647467	0.61383381381	0.718754289973	1.07960228276	2.1239042183900003	4.04679257124	11.697162244300001	13.9426565472	17.2608891765	14.466278362799999	2.2945225628099997	1.6502912278600002	2.8053970308499996	4.00560883293	3.5604322331400002	6.43544939303	5.64609440882	7.575846718049999	0.046086564295699996	0.00686395638446	0.0	0.0	0.0
14421	0.017618323056	1.9187955473700002	1.66092736446	2.14142708417	3.7623128053199997	5.8364699287300015	16.088732281600002	18.2814126692	15.2590694322	8.940498118039997	2.75006006246	0.877712821334	2.01489549131	4.19476255306	2.7917033715099997	4.334107471769999	3.46119964763	5.62344838632	0.0240249859854	0.017618323056	0.00320333146472	0.0	0.0
14369	0.0190219270941	0.708999100782	0.643286989002	1.7552050909599999	2.35353116138	4.713979387149999	25.3372068894	13.754582555199999	16.0233796777	10.7733277997	3.7784464273400014	0.689977173687	1.34882755758	1.6635539876899998	1.08597911047	1.77249775195	1.78979041295	2.0266998685799997	9.612990246939999	0.145258352355	0.00345853219893	0.0	0.0
14247	0.027987998746099998	0.9762213962649999	0.980699476065	2.12932694461	1.9849088710799998	4.12878957503	13.7208365053	17.012225157899998	17.4264475393	11.3183466929	4.15341901393	0.787022524741	1.61882584748	2.07447046706	2.04984102817	5.150911289240001	2.7170749182800003	2.51668084725	8.46804890063	0.757915006045	0.0	0.0	0.0
14361	0.000990991883776	0.537117601007	0.509369828261	1.20009117125	2.40216432627	2.69747990764	9.451089595580001	13.1058676629	12.7927142277	11.645145626300001	2.43684904221	0.554955454915	1.40819946685	1.5489203143399999	1.8154971310799999	6.154059598250001	16.5208256944	9.462981498180001	5.38802287209	0.367657988881	0.0	0.0	0.0
14365	0.0280683094014	1.02375465343	0.69136677894	1.7476215801	3.2130827867400003	4.96365892572	13.302901376800001	14.7757489807	16.1762098919	13.416651893900001	3.03285469479	2.17898717721	1.94409974591	1.06955031614	1.13159605271	2.1538734266999997	5.04490929504	3.25740117001	10.51379779	0.333865153933	0.0	0.0	0.0
14367	0.030965504428099998	0.671332136	0.7109679816680001	1.7291137672599999	2.44132036911	5.57750665758	14.0583390103	14.2812906422	12.6029603022	8.71988604694	1.6411717346899999	0.609401127144	1.4021180405000002	2.67541958259	1.43679940546	3.68861088747	3.13742490865	5.19353440268	18.5867343779	0.80510311513	0.0	0.0	0.0
14417	0.016346546792	2.34572946465	1.20147118921	1.7599782046	2.88788993325	4.99659446942	16.283885029300002	11.028470235699999	13.4150660673	10.734232393400001	2.35935158698	2.2748944285499997	2.3702492848400003	13.003677973	1.6973164419	2.9560005448799997	1.7736003269299998	3.05407982564	5.29900558507	0.542160468601	0.0	0.0	0.0
14085	0.0373017591991	1.44514234833	1.8241763530900001	1.9192356749200001	3.5749524703400004	6.040478425140001	13.9015233557	10.5756503742	18.2814718552	7.519312685	2.26818761582	1.00714749838	2.36324693765	2.78800567949	3.5809688831099997	3.12011166462	3.41972902077	4.68437898587	10.4890140303	1.15996438284	0.0	0.0	0.0
14275	0.0245200559634	1.29956296606	0.9620516075059999	2.8068252297000003	2.02218343887	4.85208636829	12.035020409300001	15.1649334353	10.7873822677	17.328467785	4.34004990553	1.0096493631999999	1.5563023755599998	4.399186511080001	1.8390041972599998	2.74913098037	2.47796800854	4.29677921853	8.93106979562	1.11782608069	0.0	0.0	0.0
14373	0.320905436414	0.6935698141850001	0.938562136609	1.78050758268	2.9606114456299997	4.95505598592	17.1166819068	13.9317817153	13.8403409189	12.4445748003	2.98821621435	1.17665326685	2.31017408257	3.8888217939599996	1.87022308104	2.8225876020099996	2.2808440158	4.86879108366	8.067493659530001	0.743603457497	0.0	0.0	0.0
14371	0.0245626775454	1.08502958201	1.15337790213	1.53463337534	3.68119780431	4.42128195818	11.911830667	11.1429120656	10.1539973088	10.6783570773	4.52487238087	2.98383135052	6.7248339349399995	3.2401375509900014	2.9710160405	3.0820820607	4.09449155257	6.04882633119	9.57303658771	0.969691791794	0.0	0.0	0.0
14403	0.0186091519809	0.7666970616150001	0.8988220406799999	2.3168394216299997	4.15170180695	8.5955673	14.0071086961	15.6540186464	14.8575469416	10.4490388373	1.64132720472	1.25425684352	1.42546104174	3.5952881627199997	2.14005247781	1.59852615516	2.38755419916	3.5804008411300003	10.1717624728	0.48755978190099997	0.00186091519809	0.0	0.0
14281	0.018959281297400002	0.950880877377	1.0267180025700002	1.1390152840999999	2.6834675067099996	2.81180725703	10.0440438689	8.35083420838	9.6809007117	6.47240695368	0.9844242212109999	0.997549877494	1.8069653482700003	1.25277097188	1.18130906545	4.9585812624	25.1472990316	18.3248745771	2.16427488041	0.0029168125072900003	0.0	0.0	0.0
14271	0.0127277533557	0.42197397664	0.461136294657	0.917377299562	1.60663409667	2.6875140739599996	8.497243951869999	11.0741244774	10.6120091248	6.98753659229	3.3356504371499995	0.9545815016789999	0.933042226769	0.841010779428	1.78678075955	4.292190054730002	4.59863519322	7.434966075639999	30.4056237089	2.1392416217099997	0.0	0.0	0.0
14471	0.004230028975699999	0.518178549523	1.09346249022	1.0596222584100001	2.11078445887	4.80954294537	8.86402571858	14.424398807100001	17.135847380599998	16.0508449483	2.39631141473	0.9644466064589999	1.09134747573	1.0765423743200002	1.43397982276	3.82606120852	12.442630232	7.70076775026	2.80662422538	0.190351303906	0.0	0.0	0.0
14093	0.017653549098900004	0.979771974991	1.2960647296799999	2.63184994483	2.88341301949	6.43324751747	17.94336153	17.6094152262	14.115483633699998	11.3129827142	3.18499448327	0.620816476646	0.635527767562	1.4446487679299995	1.1151158514200001	1.87716072085	7.43802868702	5.31224714969	2.9716807649900003	0.176535490989	0.0	0.0	0.0
14121	0.00706891405771	0.977081009755	0.9260277415610001	1.5622300067500001	2.33352707394	3.7583059740199993	7.66034653388	6.48140875603	5.72032234248	4.60971740052	2.57779732638	1.4381312933000001	1.9415950611900001	1.8716913555	1.46090890526	4.399220848580001	8.50547448122	7.5857302188199975	34.6714525833	1.5119621734600002	0.0	0.0	0.0
14061	0.060583767877599996	1.05372481987	0.8027349243780001	2.1572148776400004	2.75331587944	4.96570525997	12.802648376099999	9.924919401950001	8.13012527858	6.048640110780001	1.61845208473	0.424086375143	0.8405997793019999	0.827617543328	1.1889564445999998	3.4922214769499997	10.874786334000001	11.151740701500001	19.6724149123	1.19652941558	0.012982235973799999	0.0	0.0
14193	0.026354164836499997	1.7218054359900001	0.665881898203	1.21931935977	3.9970483335400004	3.5806525291199995	11.536096421099998	13.6514573853	10.4713881617	8.70390217334	0.9575346557269999	0.407611082805	0.59209023666	1.8078957077900002	1.4248818454899999	2.5704095437200003	14.3489642813	12.9996310417	8.11708276965	1.19999297222	0.0	0.0	0.0
14169	0.00912804363205	1.25662734001	1.0946045655399999	1.31672029392	1.9480766451400002	3.1210302518599997	5.4433566859099995	5.14973794908	4.81123966439	4.7184378874699995	2.7277637053799997	1.08927987342	1.2254398576	1.64380852407	2.2789682268	6.15762610012	43.635091242399994	8.72945239345	3.36672675962	0.276883990172	0.0	0.0	0.0
14325	0.00405594500139	0.747645861922	0.671258897729	1.1201168112200002	2.13342707073	4.2053389756	7.9712839093899985	8.57629570543	8.06930258026	8.94268273722	3.4198376269999997	0.910559652811	1.6068302113799997	2.98044358518	1.50069965051	4.33377723398	6.9721694573800015	7.39195976503	27.6189574869	0.823356835281	0.0	0.0	0.0
14351	0.004089243653489999	0.37702826485200003	0.887365872808	1.8998626014099997	3.8528853703199997	5.58508898194	10.8234101021	9.16971996859	8.86057314839	8.10569876996	2.6686404082700004	0.413831457734	3.4047042658999995	3.0595721015400006	2.75615022245	5.13854357498	4.748429730440001	4.98642371107	22.5636286312	0.6943535723630001	0.0	0.0	0.0
14219	0.0140362518104	0.375150730204	0.371960672974	0.7356271971520001	3.7987201490400007	2.4697423071799998	10.3727900879	7.681657808939999	11.013991591	9.385148369560001	3.1479484742	1.94529689863	3.91802828943	4.5356233690800005	2.3657464414900002	5.023064113769999	6.37692440202	7.595526263739999	16.4109304121	2.46144815838	0.0006380114459249999	0.0	0.0
14067	0.011608273533100002	0.577247783875	0.865344027016	1.9227522161200001	2.7701561840400006	4.89341494301	13.4212747995	12.3290417898	12.6266357113	8.97952722668	3.1521739130400004	3.1257914732	3.01815111862	2.5970873786400004	2.7406078514099996	5.9698184888100005	4.61059518784	5.47382861967	9.1663149008	1.7486281131299999	0.0	0.0	0.0
14065	0.0147158913231	0.648418961426	0.7799422401270001	1.43112043118	2.76474808234	4.06158600519	27.368798631399997	8.652944098010002	7.096738590589999	6.29472251347	1.37593583871	0.7311958501189999	1.71991979839	2.02159557052	2.67369350477	3.90063094384	4.88015746004	4.55732759414	17.9579861303	1.03471110866	0.033110755477100004	0.0	0.0
14215	0.0162761741225	0.443118840485	0.6278534167759999	0.964363316759	1.4970011149200002	2.84751666273	8.31224212437	8.357815411910003	8.700835781539999	7.699851073010001	1.34929483476	1.2040299807100001	2.22658061996	3.87495015422	3.39114087843	6.9015047323	6.10234458288	7.3869416254999996	26.491914810500003	1.60401695977	0.00040690435306300004	0.0	0.0
14063	0.0108011578841	0.932499963996	0.458689171479	0.9116177254200001	2.31288794159	4.9123666057	9.42076990653	9.93922548497	10.776675259600001	11.4045825713	1.19748837075	0.877054020191	1.78507135965	2.8479052954500004	2.75645549203	4.28517937123	6.68663680747	6.76512522142	20.6784567306	1.04051154284	0.0	0.0	0.0
14117	0.00867405275401	0.688404368568	1.00697866972	1.16311161929	2.43583172338	4.4229783543	12.6128612546	9.80956511454	11.7714781374	8.49347474668	3.89780388755	2.77963963254	4.35752868352	2.4910302409000002	2.2907384773099997	2.4255805701199997	6.00875290778	4.46082876631	13.918700469200001	4.9560383235400005	0.0	0.0	0.0
14119	0.008770775775120001	0.5203993626569999	0.5817947930830001	0.808373167273	3.97608501805	4.73621891856	12.0846672221	12.394567966199999	11.0979549474	8.36293470157	1.8506336885499999	1.2439883641	2.32571737637	2.5099036676499997	2.3827274189099996	5.227382361969999	4.66020552851	6.4976830534	15.815170518499999	2.9133593532999997	0.0014617959625199998	0.0	0.0
14053	0.0204144125753	1.03518083767	1.2937633969600002	2.4735463237	2.7891191181	5.64118267497	18.1126875574	14.1922697424	10.197849681900001	6.4645639821700005	2.2625973937599997	0.9160967643160001	3.2297301895099997	3.26800721309	2.25664319009	3.23653499371	3.7817699295699994	3.9450852301699997	8.61318090572	6.14899118778	0.11653227178400001	0.00425300261985	0.0
14203	0.031205257168	0.310216968317	0.30654576159200003	0.8113366863689999	1.07749917398	2.5386394507900003	7.296523367230001	6.797239252540001	9.66628730864	7.01200484599	3.6253166415800004	3.04893718565	5.53801534564	6.0189434267	4.9873343368	5.0313888175	6.196996952899999	9.39828921767	17.607107456199998	2.69650133999	0.0036712067256500004	0.0	0.0
14055	0.0171349016528	0.551172669832	0.919573055367	1.28440366972	2.7051725984400004	4.68639560204	11.551065576700001	10.0117802449	7.51936600864	7.6635847642199995	3.9924320851	1.63709706208	4.14950201692	4.50505122622	3.4519687288	5.70235247921	8.341841287969999	5.53314532538	14.439724413699999	1.3243851069099999	0.012137222004100001	0.0007139542355339999	0.0
14297	0.0184157217648	0.38673015706	0.438031096262	1.36342111494	2.46310278604	3.96924574465	10.547604640800001	10.802136223699998	7.986503906760001	6.84144063561	1.3140932887799999	1.17729078425	2.11780800295	2.28289179448	3.1267264739200002	3.3832311699199997	4.15274525795	12.738417826400001	21.385914603699998	3.5022756570499998	0.00197311304622	0.0	0.0
14127	0.00475822280378	0.973056563374	0.728008088979	0.542437399631	1.8342948908599999	2.8989472432	12.9542615833	9.94706477131	12.9661571403	8.575507048119999	1.5119252959	1.03848212693	1.9163742342200003	4.08969249985	3.5413073217199997	5.31136620472	5.69083447332	7.439481353710001	14.771902694300001	3.2570035091900005	0.007137334205670001	0.0	0.0
14125	0.00637015708807	0.684154871259	0.716005656699	1.33391089424	2.93919048044	4.65658483138	13.113605381500001	11.128664432899999	10.4814564727	7.4416175102899995	3.94694933177	1.20013759539	2.5455147723900002	1.9212393777599999	3.3901976022699998	3.5558216865599994	4.84514148119	6.3115516428600005	18.5065803723	1.27530544903	0.0	0.0	0.0
14123	0.018878610534299997	0.612206370183	0.554671557126	2.3643212240500002	1.70626679972	3.27948434424	10.7203538391	12.2755917545	12.190188516400001	8.810018249319999	3.2372322158999998	2.25464548666	4.98215521814	2.75447917509	3.6345820185699997	4.3906254214	4.37354477377	7.58380754605	12.060735187	2.19621169215	0.0	0.0	0.0
14239	0.0395152792413	0.9196283168889999	0.522080659067	1.8224925759200001	3.7312003065400003	3.3073091292299996	7.08401187853	7.42408276655	8.19163712999	4.5215058913699995	0.9986588753710001	0.446642398697	1.0357792892	1.35669125395	1.0261998275700002	5.47466232398	27.1386148098	17.9471213718	6.777469106240001	0.234696810039	0.0	0.0	0.0
14333	0.00752764699442	0.638481331435	0.5857878024750001	1.06345122085	1.5527482754799995	3.4866692214999997	10.6153509252	10.1185262236	7.971093835539999	7.7288404686300005	4.42009744881	1.5678035694699999	3.1759827001	3.7001806635300003	2.1378517464099995	4.667141136540001	4.964825358590001	7.7438957626199985	19.7970272638	4.0560330668999995	0.0006843315449470001	0.0	0.0
14283	0.037945427576	0.611726286982	5.37100279416	1.58220934377	2.8413076224299996	4.49020892982	8.64120873435	8.26405418147	7.674175261880001	8.31924753067	1.55001322341	0.926788322007	1.52011682592	3.4472846022099994	2.61593477986	3.60366575828	17.6549725758	15.563374613399999	4.670737176169999	0.614026009866	0.0	0.0	0.0
14289	0.00805585392052	1.21039205156	0.420247046187	0.9136680988179999	1.2399301826	1.9958378088099997	7.12406015038	8.73187432868	9.83216970999	10.2866541353	2.5973415682099996	2.47516111708	2.93300214823	4.74221267454	4.242749731469997	7.87325456498	5.08660042965	8.34183673469	17.3509667025	2.59398496241	0.0	0.0	0.0
14035	0.00346470333478	0.8124729320049999	0.47293200519699996	1.23516673885	1.7851883932400001	3.203118233	9.94976180165	11.2819402339	11.203118233	14.014724989200001	2.28064097012	1.5348635773100001	2.05197055002	3.02381983543	2.9614551754000003	3.87786920745	7.91338241663	4.7145950628	16.6392377653	1.04027717627	0.0	0.0	0.0
14227	0.0194210582535	0.370942212641	0.293257979627	0.7156659966399999	1.4711451627	2.7519639545200003	8.27919713345	10.425224070499999	10.7903399656	8.11120497956	2.21594274672	1.44881094571	4.03860906381	2.31499014381	2.49560598557	4.68435925074	5.70202270322	8.992921024269998	21.3155824861	3.5627931366000003	0.0	0.0	0.0
14133	0.0077020339788100006	0.826043144227	0.819624782578	0.883808399068	2.34334383805	7.77391962928	10.7160966092	7.951708246950001	9.36952433522	7.00307439523	1.02051950219	0.6225810799539999	1.06288068908	4.359351232	1.08855413567	2.89403926754	19.8770241908	11.068464663699999	9.18467551973	1.12706430557	0.0	0.0	0.0
14137	0.00970653897175	0.339728864011	0.36723072443099997	1.1324295467	1.43171449833	3.41184844857	10.0656809137	11.3356197625	7.63581065778	6.16850551655	1.9445433073400002	1.52069110557	2.42987025593	4.26925939108	4.5556022907400004	5.85142524347	4.90180218074	7.346232245119999	18.7740641279	6.44028860776	0.0679457728023	0.0	0.0
14021	0.014656448128	0.87938688768	1.06330167225	1.33562793424	2.2022495283900003	3.5879930594599996	10.3649455584	8.29176733125	10.094510451	7.890369767999999	1.5587841767100001	0.873713423888	3.6612753001	2.20792299218	2.5629872678	3.3359967093900003	3.5520611221199996	6.645990043069999	27.4151226177	2.4613377082	0.0	0.0	0.0
14029	0.012249647822600001	2.1069394254900002	0.971805393928	1.8170310936900005	2.64388232172	3.22165737735	11.1920948939	9.332190032869999	10.0079622711	12.5211816827	2.26618484719	0.728854045446	1.4781241706000001	3.50339927727	2.24985198342	4.07913272493	6.475980482230001	5.587881015090001	17.9661501399	1.82723913354	0.0102080398522	0.0	0.0
14143	0.0146045486531	0.710312139035	0.44743026328	0.9665555835840001	1.50426851127	2.17740543555	6.58665144253	6.923883747789999	7.980721995780001	10.0173926898	2.54119146563	1.5772912545299995	2.9992432188400002	2.7164460494700005	3.50110861801	5.67718636732	21.387697659300002	13.923445611300002	7.569139261010001	0.7780241373360001	0.0	0.0	0.0
14017	0.00952149212361	0.617839044465	0.570231583847	0.970134253039	2.6353374311	4.06990891106	11.5760185352	10.5974207336	13.0518498143	6.872401426110001	2.10636564646	1.93709467537	1.9434423367900002	3.0934269966000003	3.01937094675	5.66846164426	3.9863313690800006	4.9522338478500005	20.4405277023	1.8598647948099998	0.0211588713858	0.0010579435692900001	0.0
14331	0.0234925179062	0.631019957713	0.653966137994	1.01454897097	2.15147757011	4.13304413862	11.491119281900001	9.93733507433	10.5060725427	7.477723083310001	2.23670623972	1.41556078826	2.70491758497	3.0474712763	2.65301551053	6.25447313931	6.38286248136	6.58883176625	19.745734469000002	0.9506274687630001	0.0	0.0	0.0
14009	0.00890526468116	0.6506409007680001	0.451385603526	2.0587858784799997	4.85058635602	4.44038760165	10.0345635585	10.6495834006	8.94088573989	12.956046953	2.2051661666699998	0.692940908003	0.892196205244	1.85730426507	2.02038192454	4.45541523579	4.1849178211	6.14518920905	21.521798418200003	0.982362010141	0.000556579042573	0.0	0.0
14163	0.023653540146499997	0.609974626202	0.459452097997	0.906719038949	1.91450320398	3.21186404232	9.83055463968	10.374586062999999	11.0060639076	7.17777427355	4.24115142566	3.5129090987300002	5.63312642459	3.73009160371	3.70930515934	4.25907077426	5.143569820950001	6.70326992273	15.3303611107	2.22199922588	0.0	0.0	0.0
14167	0.009279748732959999	1.01363409237	1.03790420444	2.29423941752	2.8074809051300003	4.91041473339	18.962809622400002	11.8723677636	8.49739453209	4.03954600614	1.68820044257	0.940109929331	9.385395103150001	3.19151973731	2.38132629024	2.3049468199	4.1380541080699995	4.73195802698	13.4727675066	2.3192233564099998	0.0014276536512199999	0.0	0.0
14345	0.0350969553391	0.85695065953	0.5264543300869999	1.2225439443100001	1.6905033488299999	3.7699979526800003	11.9651370244	14.5652364657	13.6000701939	6.70936796233	2.73463777017	0.7311865695649999	2.6381211429900002	1.55596502003	1.7080518265	2.7843584569	10.300956392	12.2605363985	9.36796232927	0.9768652569390001	0.0	0.0	0.0
14171	0.010547558943300001	0.401510410441	0.570974524129	0.874744221696	1.80081989692	3.83438926118	10.707881839199999	10.0194778255	12.984748229800001	11.771075780699999	2.8260426262	2.3795292976	1.6686238248299998	1.68128089556	1.41688875138	3.9539282625400003	16.3241053912	9.80782347605	5.29768727191	1.66159211886	0.00632853536597	0.0	0.0
14139	0.00730887297179	0.494079812893	0.4896944891100001	1.2739365589799998	1.85718462213	2.45212688203	9.989767577839999	8.48194708376	7.66408419822	5.73892705745	2.8190323052200004	1.05759391902	1.9748574769799998	3.1632802221900005	2.36149685718	6.43107732788	14.231837450699999	12.4258149393	12.4294693758	4.44233299225	0.207571992399	0.0065779856746099995	0.0
14349	0.013963988425399998	0.482533377811	0.768795140532	1.3545068772600002	1.67102394824	2.9308860150700005	11.939985880899998	13.1688168623	14.0182928248	10.7406344305	3.1659464868900002	1.1085855255500001	1.43596347641	3.34670255929	1.2994267007	4.96807677091	7.968782728099999	8.63517528684	8.99979054017	1.9821105792700002	0.0	0.0	0.0
14079	0.0115029907776	1.09678516414	0.7031828275349999	0.979754736231	1.19881169104	2.43263248445	7.903054794249999	9.7085242163	7.058835297180001	6.37565767099	3.0432912557300003	1.87798827695	3.88350971253	3.8239942385	4.09006341649	11.7390521536	7.12535259167	6.536199411849999	18.8919118971	1.5198951727399999	0.0	0.0	0.0
14103	0.021263023602	0.583821876614	0.7915919929530001	1.3517207861200002	2.29093891437	4.25260472039	13.960086267100001	11.8040156739	12.7973026336	9.08660125756	2.50356915039	1.1239026761	2.8425624981	2.20467179004	1.2053096807500001	3.95370736004	10.464445187	8.36244342517	9.08781628748	1.3110172838	0.0	0.000607514960056	0.0
14105	0.00790146868549	1.0992918308700002	0.8553339852040001	1.12595928768	2.1314211779099996	4.04653965056	13.010755874200001	10.7825417049	11.9746757929	9.00964966863	4.6648295752	0.895829012218	1.7600521496900001	2.52846997936	0.912619633174	3.77492666449	12.6067932877	11.97665116	5.924126146950001	0.9116319495890001	0.0	0.0	0.0
14217	0.005587273207499999	0.957963388122	0.443934253032	1.4054531786500002	1.39072309474	2.59706617363	7.71297669599	9.76858530242	10.6661045531	10.2115036876	1.75034031573	0.47593409049400004	1.26780308417	1.14539100754	1.5989760052000002	3.6733781669699996	26.2002478718	16.439281578299994	2.28367094008	0.00507933927955	0.0	0.0	0.0
14115	0.0225811435566	0.959104360538	0.6821882316590001	0.9400886607	2.22602536219	3.6581452561800014	9.33908558253	8.57013822037	9.432975600479999	6.25616524643	1.93960138339	1.4879785122600002	4.38549577495	3.2528731534	2.8048157259799997	5.640531964199999	15.2446488632	12.0191107783	9.95353038352	1.1849157961	0.0	0.0	0.0
14201	0.025107964246299998	1.09972883399	0.43938937431	2.24716280004	2.0864718288599997	3.66576277995	11.333735060799999	15.097418901300001	12.7322486693	8.840514211110001	2.9451642060900003	0.893843527167	1.6998091794699999	3.3870643768199997	1.6194636938799998	4.90860701014	10.6206688762	7.56754042382	7.27126644572	1.32067891935	0.198352917545	0.0	0.0
14195	0.0139398726825	0.525842975079	0.498737667085	1.0447160138200002	1.7773337670200002	2.45186871738	8.63342781469	10.5098895652	10.800303579400001	10.8537397581	4.92697055589	2.07626659232	1.81373232347	1.64645385128	1.81373232347	4.1742174310400015	14.7661973576	13.4992178183	6.98310177656	1.19031023961	0.0	0.0	0.0
14389	0.0207291119648	0.8775324065119999	0.547248555872	1.10140681573	2.56211823885	4.21630137365	10.2816395346	10.4170697327	7.88259030983	7.03131477847	2.05356402532	1.0032890191	1.62654431884	2.79843011525	5.89950526519	4.81744562063	5.59409634891	4.939056410819999	25.9763411735	0.3537768442	0.0	0.0	0.0
14037	0.010512404637500002	2.77978014057	1.12032197994	2.18207484832	2.80981558239	5.29074307683	14.1647143629	13.7832642518	13.415330089500001	8.40241484952	3.43755631645	1.24947437977	1.9763320718400001	2.33075028534	1.7180272721799998	6.44110049859	3.8099957950400003	2.74523938247	11.4404997898	0.8920526220939999	0.0	0.0	0.0
14307	0.0116959976296	1.33646266248	0.961411005154	2.13412970082	2.60352907235	6.09205529868	13.8527395925	13.5985465774	11.7279666898	8.39538709853	2.45148110317	1.25770961177	2.21210301835	3.5532440798800002	1.7918268368599999	2.39612004772	11.5275752637	8.23788099712	5.178208017219999	0.6799273288680001	0.0	0.0	0.0
14279	0.016192474547500002	0.754299439336	0.781286896915	1.3804084551700002	2.35600504665	4.25929549242	12.346087156	9.892252575619999	9.98198587207	7.67793168125	2.65084302071	1.58618781921	4.03192616232	2.54626662259	1.52749009898	3.35454097708	11.5992092675	16.1897758017	6.25771672615	0.808949040933	0.0013493728789500002	0.0	0.0
14437	0.0124986780244	0.644162636644	0.959513897569	1.35081866341	2.7670150272600003	4.67354414437	13.159185086199999	12.0112295815	10.8421224678	9.830690984610001	2.43916508831	1.16526136659	1.68443722299	2.0257472767299998	1.51041716741	5.11003643845	13.4668448529	6.590649065959999	9.49514955149	0.261510801742	0.0	0.0	0.0
14431	0.046240887825	1.1369818300499999	0.584811228376	1.66195190948	1.74627352845	3.5360678925	11.2990969427	12.0117506256	10.7904471766	10.5592427375	2.02915895985	0.584811228376	1.3709063214	2.5514089870500003	1.81155478185	4.243281471	3.6992710260000004	6.41388314656	22.328908715	1.59395060385	0.0	0.0	0.0
14433	0.0147169741901	0.5592450192239999	1.10561268603	1.7402821979799998	3.88712080796	4.52179031991	16.221784801	15.189756985999999	11.0690042127	9.34159936717	2.2756121341499997	2.5000459905400003	0.9970750013799999	1.14792398683	0.772641144981	2.2792913776900003	6.8084401847	6.2473555437	12.976691992100001	0.344009271694	0.0	0.0	0.0
14253	0.0125078173859	0.565353345841	0.3892432770480001	0.9871169480930001	1.58298936836	2.88780487805	8.32520325203	10.1308317699	9.43339587242	10.2634146341	3.59024390244	1.0046278924299998	2.21538461538	2.53858661664	2.25190744215	4.791494684180001	13.3248280175	9.49393370857	15.785866166400002	0.42526579111900004	0.0	0.0	0.0
14145	0.0110701107011	0.41943419434199997	0.669126691267	1.06765067651	2.37638376384	2.94956949569	8.944649446489999	10.2054120541	8.24108241082	7.056580565810001	3.49692496925	0.971709717097	2.0159901599000003	2.60639606396	2.26937269373	4.804428044280001	6.47724477245	6.41943419434	25.7220172202	3.27552275523	0.0	0.0	0.0
14095	0.011104838933600002	0.598735899168	0.7727117091269999	0.984629052109	1.9988710080400005	3.95609887008	10.0563570576	8.34065944235	7.275520307969999	5.51910494998	4.7056754981	3.02514320615	3.98108475768	4.0949093567500015	3.15840127335	4.2975726672900025	4.85281461397	5.503373094830001	21.7349460027	5.1008226834800015	0.025911290844999997	0.00462701622232	0.000925403244464
14091	0.0109633094577	0.8938751644499999	0.7074989036689999	1.0963309457700001	1.45227305949	3.6902499634599994	10.113287531100001	11.669346586800001	11.010817132	5.406373337230001	1.87034059348	1.30755737465	1.57213857623	1.85791550943	1.8279491302400002	4.47887735711	15.680456073699998	13.3277298641	10.3113579886	1.71393071188	0.0007308872971789999	0.0	0.0
14363	0.012378995320700002	0.557054789433	0.778638805675	1.36168948528	3.3621351291100003	4.4452972196800005	11.189373870399999	12.3381446362	13.6329875467	9.354806763880001	1.7058255552000001	0.284716892377	1.06335569805	3.1690228021099998	2.63920180238	3.77683147236	11.2822163353	7.36178851724	11.428288480099999	0.256245203139	0.0	0.0	0.0
14413	0.013527121879399999	0.8191423804729999	0.737979649197	1.5435949077899995	2.52506275082	4.27006147325	13.334736146	13.5466610554	14.119309215	8.80615634347	2.27405948928	0.6703440398	2.04259540378	1.2444952129	1.23698014519	3.66885605639	12.581726361400001	10.519591781499999	4.871266890109999	1.17385357642	0.0	0.0	0.0
14419	0.00618069891343	0.888784503752	0.766406665266	1.09892826681	2.1620084799200003	4.33637835766	10.625857572000001	10.0300381967	12.0585435801	8.68264583359	1.9271419212099998	0.213852182405	1.22501452464	0.576041138732	1.70216448076	4.5477582605	21.529846595100004	17.6013943657	0.0210143763057	0.0	0.0	0.0	0.0
14395	0.013697926476399998	1.54615345102	1.5906717120700002	2.7361608136599997	2.4690512473700004	6.95854665	13.8126466106	10.5542523501	9.76662157766	6.26851360375	3.95870075167	1.6488878995899998	5.15042035512	4.46209954968	2.10605619574	3.75323185453	2.98786021266	2.69677927504	16.721743745999998	0.7979042172490001	0.0	0.0	0.0
14399	0.0166008167602	1.03921112919	0.9119382006929999	2.14814568877	2.9361311243199997	5.34435627566	18.703586883099998	13.0283209934	13.208716535499999	10.962072667300001	2.4414267848599995	1.1565235676299999	1.2937569861799998	2.1558927365900002	2.06514160497	4.18119238133	3.21391812477	3.29913565081	10.8314795755	1.0602388304200001	0.00221344223469	0.0	0.0
14273	0.0092360469719	0.38131679641099997	0.7006201345819999	0.8906188151469999	1.97783348727	4.38052513524	10.4037471962	13.298588204200001	12.2958173902	10.0949993403	1.5081145269799998	1.67436337248	1.37089325769	2.30505343713	1.4592954215600002	4.9901042353900005	12.3565114131	11.9936667106	6.829397018080001	1.07929806043	0.0	0.0	0.0
14161	0.010434873346700001	1.21631492448	1.02653066548	1.7256671797099998	2.3211071400599996	4.84895520831	13.2379411995	11.9283645945	9.039209036599999	7.965069261469999	2.80502439152	0.8021808885289999	1.9180601570400002	4.75895442569	2.8363290115599997	4.97156497013	5.22461064879	5.652440456	16.6234054209	1.0878355464	0.0	0.0	0.0
14341	0.0185535641397	1.9277153141099999	1.44903335931	2.0668670451599995	2.4026865560900004	5.35455861071	17.1806003933	14.2732568926	14.056180192200001	11.174811681300001	3.74781995621	0.602990834539	1.09466028424	1.0835281457600001	1.35069946937	2.15406879662	2.73108464136	3.76637352035	12.4364540428	1.1280566996899999	0.0	0.0	0.0
14261	0.0134053288863	1.06813660566	1.16894467889	2.00811826717	3.2237134905900002	6.08816416702	12.3532786753	11.5629004842	9.252894210510002	10.0904591593	2.9057390894	0.813435356823	1.6220447952500001	1.39576284365	1.3871834331600001	4.116508394419999	3.6038886177999996	5.242019807709999	21.441019234000002	0.642383360233	0.0	0.0	0.0
14479	0.0177450248691	1.3715860398800002	1.15864574145	2.56572183108	3.90573216495	8.78091679149	16.5806380902	19.1129575215	16.9136182628	14.3909542126	3.48976790551	0.9042133995810001	0.6508248827	0.7964384691259999	0.798526119111	0.8671576123549999	1.12393856046	1.31391470906	5.08838588122	0.168055823761	0.000260956248075	0.0	0.0
14209	0.0216031409088	0.733567523904	1.32436646441	1.83532771025	3.2226250633999998	7.40424172975	13.5883756317	10.5723893074	12.9853662202	11.6253076099	2.42236958278	1.89731933199	1.27552458062	1.18159788101	0.6772115041419999	2.3162324122299998	3.2742847481800004	5.945560084909999	16.577123213	1.1196062592799998	0.0	0.0	0.0
14321	0.00310012633015	0.802545203717	1.02032907841	1.4493090593399998	2.07592209383	3.77750393329	7.455416308210001	10.7117115022	9.118634084339998	10.7051237338	3.6457485642500003	2.22937834717	1.6244661969999998	0.9722771202930001	1.0253667837	4.30995063049	19.1130538569	8.278887364660001	11.4297782635	0.251497748533	0.0	0.0	0.0
14231	0.00361879602656	0.892937919554	0.93183997684	1.76778185898	2.37483489243	4.38236198817	7.31991966273	6.30303797926	9.43782003727	11.8633180741	3.8911104275599997	1.6926918414200005	1.4864204679100002	1.33081223877	1.1878697957200002	4.86909005374	20.0996978305	4.30727197062	15.408833481099999	0.448730707294	0.0	0.0	0.0
14299	0.015929908403	1.15252887296	1.1262445240899999	1.5627240143399999	2.84906411788	7.1461569096	9.690959776980002	8.124253285539996	9.718837116689999	8.8498606133	3.7363600159300003	0.669852648347	1.1421744325	1.01553166069	1.6535244922299999	7.803265631219999	15.150139386700001	6.1250497809599995	12.001592990799999	0.4659498207890001	0.0	0.0	0.0
14047	0.0018868191530999998	0.6056689481449999	0.5665174507190001	1.34341523701	2.27408878428	4.5863856564	9.467115100689998	11.627523030999999	22.6706038293	20.1568890126	5.2179983679	0.762274937853	1.04859974434	0.651896017396	0.7608598234880001	1.8986117728099998	1.8061576343099999	2.8226814530400004	11.3308207192	0.400005660457	0.0	0.0	0.0
14229	0.00764117062734	0.833842744708	0.8051883548559999	1.20443952013	2.22740123787	5.41758997478	10.8447314129	11.718690303399999	16.464812409300002	10.6479712692	4.0775196760100005	2.0421028501599996	1.8319706579	1.4441812485699999	1.1318483991700001	2.50534881944	2.5712539161000003	4.61526705891	18.0331626805	1.57503629556	0.0	0.0	0.0
14381	0.011339282677	1.04321400628	1.22350860085	2.21229405028	3.21015092585	4.97340938212	13.249951807999999	11.2871219767	16.0632278402	9.65199741464	4.8792933359	2.60576715917	1.33576749935	2.23497261563	0.518205218338	2.25311546792	5.9372484096700004	6.7820249691	10.365238295	0.162151742281	0.0	0.0	0.0
14255	0.00666036152442	1.11627659149	1.10295586844	1.62979046503	2.8965912269700005	5.71192604335	15.3461389884	13.0529765156	13.2261459152	13.321389085	2.9225666369200005	1.10095775999	1.8182786961700002	1.14025389298	1.63645082655	2.66281253746	4.62428900641	3.32352040069	12.7439357408	0.616083441009	0.0	0.0	0.0
14317	0.009107099490000001	0.51303327127	0.6516635635069999	1.34582692463	1.8760624949400002	5.097951914509999	14.6442159799	9.87007204728	10.612806605700001	10.5197118109	3.40605520926	1.1404112361399998	2.8535578401999997	1.57249251194	2.8768315389	3.76527968914	2.96284303408	5.30235570307	20.017404679000002	0.96231684611	0.0	0.0	0.0
14015	0.0	0.637122237258	0.8245940460079999	2.42726657645	3.29837618403	5.35069914299	12.0714930086	9.42433468651	17.1600135318	17.0613441588	7.777965719439999	0.910577356788	1.21363328823	0.868290482634	0.811907983762	1.4758119079799998	1.48285972034	2.4202187641	14.078709968399998	0.637122237258	0.0676589986468	0.0	0.0
14013	0.00775000215278	1.0376391771200002	1.34333370648	1.8178060605000002	2.3792506609	4.24872340242	11.532864314700001	8.15386337607	10.1266694796	11.8118643922	4.88766802435	0.866278018411	1.25894479415	1.7067226963100002	1.34936148593	2.77708410475	3.2162508934	4.63966795546	24.6897846361	2.1476117076700003	0.0008611113503089997	0.0	0.0
14159	0.0172689202608	1.19371411303	0.828908172517	1.5412511332700003	2.03449466822	6.020377325909999	16.4043949402	13.8626257393	13.0207658766	14.9527263308	5.17959677071	0.6993912705609999	1.225014031	0.479212537236	0.9195700038860001	1.6642921901299998	6.64745499288	4.80831498511	8.300954107839999	0.199671890515	0.0	0.0	0.0
14157	0.0	1.5650569787900002	0.625824431948	1.0304779473799999	1.44703303679	3.96818312555	10.6618266932	8.82303351285	12.130679282300001	13.635236593399998	4.14075594831	0.6823569083679999	0.708143651998	0.450276215696	0.8281511896610001	2.94960675216	10.692572426	8.45904370853	16.766342348800002	0.435399248217	0.0	0.0	0.0
14411	0.0138413529293	1.4936078115600002	1.22307227703	1.47473323938	3.63775921079	6.570867727	13.0586873364	13.943275619100001	14.3094423193	13.3808133682	3.0375478155799995	1.63579625528	2.0233541373099997	0.835514395007	1.44579222871	2.52290114757	2.38071270385	4.4946647876	11.670777129100001	0.8468391383130001	0.0	0.0	0.0
14415	0.0148685987585	1.3530424870200002	0.998674216611	1.4558836284299999	2.50907604049	3.26117932769	21.638767393200002	10.0288698626	14.925595053699999	13.4474085271	4.12355805568	1.6132429652899998	1.7507775038099995	1.7978613998800002	1.7532556036000002	2.13736107153	2.30711090736	2.6131562318	11.8948790068	0.37543211865099996	0.0	0.0	0.0
14459	0.007114110329689998	1.3577787714899998	1.27647465344	2.07020610594	2.3933899752000003	4.00524411561	10.957762510699999	13.6123419651	16.3848123907	18.151144355499998	5.94333102972	0.694133907882	0.567096223424	0.45631936257600003	0.648400341477	1.86999471523	1.90251636245	2.18301556974	15.295337208800001	0.22358632464699998	0.0	0.0	0.0
14081	0.00711653725112	1.00422247877	0.746445685006	1.84792750621	2.65525912103	4.62179558142	12.2048613857	9.44601711132	15.5401451774	8.90199737479	3.3882624578900002	0.7077000933059999	1.80997264087	1.53954422533	1.12520361204	3.8713962646099995	4.623377034140001	3.9409801844	21.311656887999998	0.7053279142219999	0.0007907263612350001	0.0	0.0
14277	0.0111508825924	2.40859063995	1.36821329408	2.1197827808099996	2.4465036407599996	3.17911662708	10.899987734000002	10.6792002587	12.7008552727	13.7189308534	3.9318012020699995	1.03257172805	2.02834554355	1.4306582366	1.26004973294	2.9137256213800002	2.31826849095	4.75585142564	19.7850109836	1.01138505113	0.0	0.0	0.0
14377	0.00445795700746	0.567943722751	0.7177310782009999	2.0934566107	2.06314250305	3.54585900374	10.6964220437	9.40896405995	11.690546456400002	11.3874053799	4.4802467925	1.3329291452299998	2.0872154708900004	2.06314250305	1.63161226473	3.1134371740099995	3.7669736713099997	5.0749382573	22.3949928227	1.8785830829400003	0.0	0.0	0.0
14375	0.00706572300011	1.00568790702	1.1352261620200002	1.9890010245299998	3.87437144506	6.0164631345899995	13.5014190327	13.8193765677	14.769716311199998	15.7989566282	4.64335763157	0.68419751051	1.28713920652	0.5876326295090001	0.867906308513	1.3095139960200002	1.24592248902	2.19390699153	15.0488123697	0.21314931050299998	0.0011776205000200001	0.0	0.0
14177	0.00745256442742	0.640920540758	2.88265192053	1.23563518207	2.92289576843	4.59077968729	12.4666497742	13.0002533872	19.5137946968	10.9999850949	1.9913252150099998	1.0880744064	1.50690852722	1.8154446945200002	1.03888748118	6.08129257277	6.94429953347	6.45690181992	3.73373477814	1.04037799407	0.0372628221371	0.004471538656449999	0.0
14039	0.0173880643358	0.765074830777	1.01099174067	1.61212196485	2.1921381109099998	3.8377941998400003	13.480717878699998	12.560392473499999	17.5035707632	10.9582065454	3.3596224306	0.72905669751	2.17971806496	2.75104017885	2.61441967335	3.62044339564	7.87927715333	7.1601564925800005	5.0897348320199995	0.6657144631440001	0.012420045954200001	0.0	0.0
14355	0.0246056264866	1.16466632037	0.8147196325560001	1.8973671979700002	2.39494764469	5.574541378459999	16.390081198599994	15.1133225798	16.6853487164	9.87232413812	3.4994668780900002	2.2719195122599998	3.2178691527499996	1.7634032315400001	1.44353008721	1.9001011564599999	4.798097164890001	6.87317166525	3.78926647893	0.511250239221	0.0	0.0	0.0
14359	0.0158823120676	0.571763234433	1.65473838854	1.880068691	2.08356081437	4.47087084702	12.7038643651	13.5535680607	13.8821333916	10.4287231614	5.34737594425	1.27157760991	1.6577163220500002	1.50782700192	1.61701789738	3.9556883493300004	9.817254146769999	7.07060680359	5.6699854081300005	0.8387846060690001	0.000992644504224	0.0	0.0
14467	0.0126734680945	1.5852396341600001	1.24305599561	1.37507128826	2.51251504974	4.379739349009999	13.711636356	14.7899372663	17.3605390448	17.7565849228	3.22328538538	1.2356631392200002	1.65388758634	1.3381070063200002	1.42893352766	1.7690049215299999	5.78015757345	5.09262192932	3.27820374712	0.473142808863	0.0	0.0	0.0
14327	0.0105205018279	0.284053549354	0.386628442177	0.762736382525	3.01543883643	3.77686015623	10.811130690899999	11.2608821441	12.5549038689	11.004444912	4.07669445833	2.82606980353	3.22190368481	2.7590016043799994	1.8660740117299999	6.363588543169999	10.011572552	8.65705794166	5.8559743299800004	0.4944635859130001	0.0	0.0	0.0
14291	0.013748688447499999	0.7713737834219999	0.906689822352	1.6331994645200003	4.0211295633	5.97561416839	16.171352075	18.941350989500002	16.0244581931	8.63562357538	1.9798111364400002	2.08835341365	1.56807409819	1.29382394443	0.8994536705380001	2.49864322153	8.32157458663	4.836643872790001	3.1585802670099996	0.260501465321	0.0	0.0	0.0
14293	0.0100677897845	0.418372597713	0.42844038749799995	1.3099313153	1.08620265342	3.43535360315	8.96145155156	16.0849721458	10.7400944135	10.4145692105	4.01481083742	7.84057095555	1.18016869141	2.4889813634	1.3009821688299998	3.7038279974	8.81379063472	8.42674004967	7.259995077969999	2.08067655547	0.0	0.0	0.0
14223	0.019878081102599997	0.434667373443	0.437317784257	1.6087993638999998	2.3204346673700003	3.27325735489	10.1775775245	13.318314338699999	15.9687251524	17.0991253644	1.9374503047999998	1.45109992049	0.818976941426	0.934269811821	1.25629472568	2.58945136496	10.874635568499999	9.4195600318	5.0967399947	0.963424330771	0.0	0.0	0.0
14225	0.00822290395016	0.332711344445	0.46301274550099997	1.2555741800799998	2.95138998703	3.9058793763199997	11.225528954100001	30.8466428413	11.8283310668	5.9584427085	2.8482874221200003	1.23596571682	1.08479079035	1.2030741010200001	0.965874948607	2.40108795345	9.234953667100001	6.82184762326	4.72880230241	0.699579366836	0.0	0.0	0.0
14423	0.018068924734700002	0.795032688327	0.9724366766320001	1.97608331417	3.6482801668900002	7.21607148724	16.700614343399998	16.6628338645	15.7922402181	16.4476493972	5.082295739019999	1.0397844870100001	1.8709550248	2.0187916817200002	1.5670685633599999	1.5342159729299998	2.4015243602000003	4.2117020927099995	0.0344952199481	0.009855777128030001	0.0	0.0	0.0
14019	0.0130181494701	0.904761388169	1.19766975124	1.8518317621200002	3.54310634743	4.978357326509999	13.9945106803	11.9365582182	10.641252346	10.1064233719	1.8182015426499998	0.683452847178	1.90824374315	2.29770338146	2.74140530924	3.4009915490499996	9.75818787359	8.33595504399	8.15044641404	1.73792295425	0.0	0.0	0.0
14243	0.020251113811299997	1.67977659824	1.67338150967	0.9454072605570001	4.31881648227	3.5375498283999995	11.6134808467	13.5021636716	14.634094348900001	9.55532817463	1.6936326234799999	0.643772249579	0.834559058643	0.815373792927	1.53588710537	2.236149304	10.726695231399999	7.13158960585	12.6302999297	0.271791264309	0.0	0.0	0.0
14329	0.05803926771030001	0.9916423454500001	0.659989387105	1.07953037941	4.12410453701	4.85042451579	12.742106659600001	14.6872512603	15.0072963651	9.581453966569999	1.97830989652	0.625165826479	0.4145661979300001	0.7296365083580001	0.810891483152	3.50391350491	7.979570177769999	6.493764924380001	13.13677368	0.545569116477	0.0	0.0	0.0
14393	0.0103794735531	0.425558415677	1.0254919870499999	0.9985053558079999	2.90417670016	4.97384372665	14.035124138499999	18.566802291800002	12.4865066844	10.825790915899999	1.4863406128	1.24138503695	4.97799551607	1.4635057709900001	0.70165241219	3.8300257410900014	7.9797392676199985	7.06842148966	3.6701818483800004	1.32026903595	0.00830357884248	0.0	0.0
14481	0.0149808993533	0.983745724202	0.921325310229	1.19098149859	1.6878479938100002	3.8975306484199996	16.4265561409	19.5825322714	17.3903273327	14.1919053207	1.7952111058400002	3.6378617263	0.71908316896	1.17600059924	0.9288157599060001	1.6154403136000002	6.47674215375	3.7027789568300014	3.3132755736400004	0.347057501685	0.0	0.0	0.0
14483	0.04628323079530002	1.52508889767	1.30044589942	2.75893209911	3.87424507535	4.8845741378300005	14.4798780832	13.6716148332	16.4068408873	16.3786194051	3.9171417282800003	1.6402325450100002	0.9967827510299998	1.04871027826	0.678444431902	2.0635547779	6.4615905627400005	2.6505616075	5.196139301240001	0.0203194671784	0.0	0.0	0.0
14379	0.0	1.43567276097	1.15595248125	1.23178026792	2.7854073637199996	4.69289746398	16.9618333474	14.255623894200001	12.6329092594	7.164883309460001	2.08273654057	1.5654225292800001	2.7129497009	1.72550341225	1.2873873114799999	2.48546634089	7.089055522789999	8.03100513944	8.69997472407	2.00016850619	0.00337012385205	0.0	0.0
14409	0.0170317576774	0.694371659155	0.788701393984	1.46342102505	2.7172204171499996	4.37716172309	13.542867623900001	16.613824546700002	16.7474583377	10.8754323446	3.07488732837	1.50141494602	1.7464102295400004	2.0988365999400003	1.34812912693	2.6621947384999998	10.4483282675	4.51603605492	4.07583062572	0.689131118331	0.0013101352059500001	0.0	0.0
14405	0.00639386189258	1.25703324808	1.27493606138	1.9283887468	2.8670076726300002	6.96035805627	13.855498721199998	17.3030690537	15.7595907928	15.2327365729	3.08823529412	0.15217391304300001	0.31074168798	0.397698209719	0.7544757033249999	1.3785166240399995	6.30562659847	4.4769820971900005	6.4948849104900015	0.195652173913	0.0	0.0	0.0
14175	0.012452989962899999	0.978805011083	0.8891434833499999	1.4644716196399998	2.72471420388	4.54783193445	14.6148290204	12.4878583348	10.413190207000001	8.25135114941	2.04976214789	1.5416801574099999	1.9825160020900001	3.6113670892400003	2.1145176957	5.01357375906	4.03476874798	6.86408806755	14.293541879400001	2.1070459017200003	0.0024905979925799997	0.0	0.0
14343	0.045251143848400004	1.6659124809399999	1.3458025374200002	2.22233395344	2.86422980877	4.61896860911	12.593225736199999	11.6513315568	7.8887827442299985	8.331238372969999	1.46144434947	0.645247791912	1.24524443998	1.5636784152	1.54524276401	3.3133893106700003	7.95246953928	6.378735314330001	21.6702699985	0.9972011329549999	0.0	0.0	0.0
14179	0.011034198659700001	0.567157811109	0.8260936729899999	1.9317203786900001	1.3800104457100002	2.2164027041099996	5.73704768981	7.22004398967	10.9702003075	15.5670474691	6.118095350190001	1.12916632951	1.0997417997499999	1.71397885848	1.99130505146	5.69143966868	18.117418586	5.2302101647	11.8514649738	0.630420550092	0.0	0.0	0.0
14073	0.0152390543835	0.9256069119050001	1.0024647514	1.7359270645599998	1.99764125941	4.633997667759999	7.7129492208200015	8.97845330224	13.4865631294	14.919696809100001	3.63683345701	0.281591222305	1.32712286653	2.1924361284900002	1.9539117990000001	3.8336160288300003	12.8193575745	3.73025548606	14.3816919326	0.43398176613999995	0.000662567581893	0.0	0.0
14213	0.0152182551425	1.1920966528299999	0.8581404983130001	1.42797960754	2.84496825303	4.2729478605699995	12.5102511858	12.450223623800001	17.2329830316	9.242553623210002	2.84665917027	0.90464072236	1.9885186719499999	1.93102748586	2.5355303984599997	2.6589673568400003	3.5602262447300004	4.8233414215499995	15.774566913800001	0.929159022312	0.0	0.0	0.0
14183	0.0337075738326	1.15383618119	1.3897891980200001	1.5738844089500001	2.1961780797099997	5.1805948090300005	12.0465683097	12.0387896388	14.434620271199998	9.790753753210002	3.43817253092	4.23937563202	5.56952835326	6.40703191848	1.95503928229	4.01638706666	2.66030544248	2.87551533695	6.108849534580001	2.7354992610299997	0.155573417689	0.0	0.0
14207	0.007806502816850002	1.0031356119600001	0.7390155999950001	1.40126725562	2.5228014936400003	4.0424673753199984	15.809469287899999	10.511456042899999	8.611873690780001	8.68083113233	2.26648798449	1.3140946408399998	2.24567064365	1.7655707204099995	1.98805605069	6.286836935169999	6.48199950559	4.14785516335	19.1467492421	0.991425857739	0.0325270950702	0.0026021676056199997	0.0
14097	0.0204945030815	1.56051002035	1.5766128441999998	2.04945030815	3.37573743614	6.104434132130001	15.890559353499999	16.4907555152	16.6517837537	13.3199631099	2.7067382998299996	1.1374449210200002	1.10084759409	1.2355257572	1.37752338569	1.34824552415	1.64834360498	2.43738197362	8.726266633489999	1.24138132951	0.0	0.0	0.0
14295	0.010278900842899999	0.957650928527	1.05358733639	2.3795655451199997	2.7187692729400004	5.36387308984	12.778386897799999	13.187829781400001	14.9575138765	11.3547591311	2.060919619	1.7988076475	2.4378126499	2.18084012883	3.28068251902	1.9769752621099999	3.24813266635	4.2383334475400005	12.0931268416	1.92215445762	0.0	0.0	0.0
14045	0.014523273545899999	0.607556943335	0.951274417254	1.61692445477	2.58272214557	4.96695955268	11.904243216400001	10.7133347857	14.922663568399999	10.2292256675	1.9315953816	0.52041730206	2.49074141311	2.9530656209900004	2.20511703338	4.40781352117	4.4973737080300005	5.23564011328	13.153244741400002	3.96485367802	0.13070946191299998	0.0	0.0
14301	0.016165796407999998	1.28194765515	1.63597859649	3.42391567921	4.12227808403	7.12588305663	17.6869978499	13.4046783815	14.8256518857	13.6180668941	1.31912898689	0.26026932216800003	0.9343830323799999	1.6068801629499998	1.61334648151	2.9130765127099996	2.7966827785799997	2.8726620216900005	8.089364522539999	0.452642299423	0.0	0.0	0.0
14023	0.0141498945496	0.8900957476200001	0.8772934620749999	3.29355640754	2.79089824878	4.55559224047	11.175047671700002	13.9026082972	13.094716698900001	18.5228857699	3.2618875959299998	1.01407577605	1.41498945496	1.50797447629	1.50864828079	1.9405569668	3.3858676243700003	4.09807898336	12.441126331600001	0.309276266584	0.000673804502362	0.0	0.0
14429	0.00775334039749	1.2250277828	0.7985940609409999	1.09580544284	2.4552244591999997	4.6416664513	15.2198072003	14.147261778599999	15.343860646600001	12.283875636400001	3.2279740521499996	0.7081384229709999	1.50673248391	1.5532525262999999	1.5920192282799999	3.0393094358200003	13.095391931400002	1.5558369731000001	6.04502106324	0.457447083452	0.0	0.0	0.0
14245	0.010314063225200001	1.33910920874	1.60727485259	1.50413422034	2.8587145239200003	3.6804015608599996	10.396575731	13.6901999209	9.33250820828	11.9075859935	2.22096161449	1.4474068726	1.8118371065599999	2.1470441613799998	2.3859866261000002	3.03921063036	3.8780877726800003	6.37752909425	19.7669021711	0.598215667062	0.0	0.0	0.0
14155	0.017703815172200002	0.54704788882	0.341683632823	0.9861025050900001	1.2339559175	2.75648402231	8.76869965478	9.24139151987	10.9728246437	18.0047800301	3.9868991767699997	1.69956625653	3.80632026202	2.1403912543200003	2.14747278038	2.6431796052000003	4.86677879083	5.01549083828	18.5288129592	2.27494024962	0.0194741966894	0.0	0.0
14165	0.017881623651400003	1.5318590928100002	1.10014560751	1.43223290389	3.2442374339	5.92392646395	15.4165141052	13.7722562352	17.4865249193	11.537053278699998	3.0858573387	1.69194219978	2.5340815231700002	3.3966569878799997	2.7137492655799997	2.45148545202	2.6924616183700003	3.3881419289999997	5.72722860379	0.855763417604	0.0	0.0	0.0
14173	0.0150773973062	2.24066876633	0.799102057227	1.04536621323	1.3854452858000001	3.76432352744	8.19959123501	7.145848689939999	11.0081752999	9.06235341419	2.01785833948	1.25561214233	2.41740936809	2.1744957448199997	1.85451986866	6.44558734839	18.3064732292	13.4498760303	6.8794813375300015	0.515144407961	0.0167526636735	0.0008376331836760001	0.0
14101	0.00482660424259	0.867582112605	0.996693776094	1.054613027	1.8148031952099999	3.17469894056	8.108695127539999	8.439317518160001	6.64261408886	4.442889205299999	1.62656562975	1.28629003065	1.90168207158	1.3490358858000002	1.5517532639899998	5.140333518349999	20.2560513551	17.9513478292	12.144942925399999	1.21871757125	0.0265463233342	0.0	0.0
14357	0.0177224661796	0.5868105468370001	1.1637752791299998	1.9809778863	3.06992497489	3.672488825	11.8405765709	10.0289466948	9.93442687514	10.261307918	2.52643601205	0.6183171533780001	0.366264301046	0.539550637024	1.25829509875	3.2589646141400004	30.0100427308	7.84317586594	1.01805722387	0.00393832581769	0.0	0.0	0.0
14185	0.0129161882893	1.31314580941	1.01463834673	0.947187141217	2.14839265212	3.52898966705	9.94259471871	10.4176234214	11.696326062	8.127152698049999	3.2778415614200003	1.04047072331	2.74397244546	2.15843857635	1.84127439724	4.10447761194	13.480195177999999	12.6822617681	8.93656716418	0.585533869116	0.0	0.0	0.0
14113	0.0127833645816	0.610192602693	0.616158172831	1.51440259076	2.67001874893	3.993523095280002	10.296574058300001	12.7671723198	9.85171297085	7.37088801773	2.13567410943	0.925515595705	0.897392193625	0.920402249872	1.5817283108899998	7.18680756775	29.390659621599998	6.531447076869999	0.720129538094	0.0068177944435	0.0	0.0	0.0
14197	0.0075027760271300006	1.7016296029499998	0.8868281264069999	1.6160979562399995	2.70850214579	4.86329942079	11.075597971199999	10.5909186399	13.440472975	5.46802316857	1.9792323159599998	0.47117433450400004	0.74127427148	0.696257615318	1.05489030941	5.94219861349	29.5234236668	6.76750397647	0.46517211368199995	0.0	0.0	0.0	0.0
14235	0.00886708243431	0.69680489463	0.649513788313	1.35592468891	2.03056187746	3.6480654981800003	12.210711435599999	9.11462181893	7.97150710844	5.11482871752	1.55617296722	1.14015901634	1.53031064345	1.9086394939900002	1.8480477640200001	4.94561522774	17.0868678509	16.1609966601	9.74122897763	1.2783377176100001	0.0022167706085799996	0.0	0.0
14233	0.013109127528	1.08686584596	1.6076557304799999	1.44796272241	2.1725399530500002	4.3129029567	9.212141435569999	9.326548366719999	9.753190880810001	7.81184826781	2.2678790623400005	1.3264053580600002	2.00450477291	2.41803815948	2.01880563931	5.859780005009999	14.1089964367	15.2697500924	6.877524996719999	1.09997497348	0.0035752165985399997	0.0	0.0
14315	0.024405621428099995	3.1869673981599997	0.732168642844	1.19180784641	3.23577864101	5.14958612134	12.0523093819	9.28430515162	9.162277044480001	7.25253716773	1.8771990481799998	2.90833655352	2.18430311782	1.9565173178200002	3.45339543208	3.9028656267199997	16.7422562997	12.0563769855	3.3883137749400003	0.258292826781	0.0	0.0	0.0
14147	0.0154015966322	1.0184305773	1.0736196319	1.46186821367	2.14146366507	3.4178709859599996	8.923941781960002	9.67926175013	10.3447390713	8.226377801169999	4.14944682599	1.02484790923	1.6389865749399999	1.7974946736099997	1.42079728932	3.8356392946099995	16.4059090792	15.285442924200002	7.341427728010001	0.794465692944	0.0025669327720300003	0.0	0.0
14151	0.0173455523113	0.916423347113	0.420629643549	1.1896157960200002	1.7475643953599995	3.43875574571	7.98907230204	6.8283657598800005	9.892746668210002	6.73874707294	1.9239108438599999	1.00604203406	1.44401722992	3.7278482842400003	1.3601803937399999	6.28776271284	27.93645746	4.774363273680001	11.8759214825	0.48423000202399996	0.0	0.0	0.0
14109	0.017962458461799998	0.498458222315	0.552345597701	2.26476663773	3.2556955962000003	3.3874202915900002	9.879352154	9.97215818938	17.3337724157	16.7125707272	4.09394365776	1.53279645541	2.4054725623400004	2.1090919977200002	1.6854773523299995	2.6913750262000002	3.51166062928	4.10292488699	10.385294734	3.5820135915900004	0.0254468161542	0.0	0.0
14181	0.0105811962523	0.8715058004189999	0.894592046788	1.8969199099599998	2.58662152023	3.7476673271900003	7.3481598337800005	8.60828411474	10.1743011601	7.569403028150001	2.49331460782	0.381884992016	1.64393312684	2.08930529637	2.0758383193200003	5.90623136267	22.7505338694	7.04996248485	11.6575924893	0.24336751380399999	0.0	0.0	0.0
14337	0.014044286316200002	1.01587004354	0.9058564673939999	0.984270399326	1.5940264968900002	2.5127568934	6.6441177847500015	6.18650812228	6.5352745658	3.86334909414	1.8772529376	0.8847900379200001	1.22419362389	10.0299611441	1.8526754365400002	5.74879453209	4.2729741117	6.68390992931	33.8631150227	3.3050887130799995	0.00117035719302	0.0	0.0
14287	0.0051534075736400006	1.02833905674	0.986174812955	2.17614347087	3.4012489986000003	6.6024520850199995	10.2135853193	9.19836402734	6.6956819129400005	7.561922876910001	2.0332535336	2.66993361474	2.59356948433	3.99435936116	3.25367414535	5.30332488487	5.2578811999	5.76760005809	19.8940272006	1.36331054903	0.0	0.0	0.0
14319	0.0176948348777	0.7461322040100001	0.828708100106	1.24040792493	2.21303401537	4.66435847376	11.2598132605	11.274558956199998	8.24638288084	5.88058345769	1.8644457682799997	0.930748314567	1.0846933779999999	1.4798780236000002	1.326522788	4.23083501926	25.094224995700003	4.75106316466	12.478397555799999	0.386927055992	0.000589827829257	0.0	0.0
14259	0.013218770654299999	1.77682308879	1.25908790482	1.41220533157	2.64375413087	4.7995153117400005	10.684071381399999	13.0204890945	14.8171403393	8.19453624146	2.2262612910299997	0.685172945583	2.4234412866299997	1.3670411985	1.43423661599	4.36329588015	23.2529191452	2.6900198281599996	2.34302709848	0.593743115224	0.0	0.0	0.0
14199	0.00585388698096	0.73563846394	0.628317202623	1.59615985014	2.59522322822	5.922182329069999	12.168279737699999	10.564314705	9.23353106463	6.630502653759999	1.78153293787	2.01959100843	1.3678582578799998	2.5327817670900004	3.20793006556	3.4928192319699995	21.5442553856	5.24118014362	7.373946300339999	1.3581017795800001	0.0	0.0	0.0
14241	0.021717098595599997	1.10033299551	1.05599391921	1.1672940495100002	3.43492109454	5.65187490951	12.7533661503	10.910127407000001	12.330787606800001	10.167221659199999	2.68477631388	1.04061097437	1.12747936876	0.87592297669	1.02070363399	3.9814680758699996	21.2818517446	3.15712320834	5.21843781671	1.0179889966700002	0.0	0.0	0.0
14153	0.012987779679999999	0.569100891434	0.536041088612	1.8867701753400001	2.1193695023299997	3.16429541295	8.26613141272	7.62146525769	10.3052128225	6.34866284905	3.31896806187	5.5327941436899994	2.5892909853	4.0391994804900015	4.2387390046599975	5.9389574355	6.231772831930001	7.098411948760001	17.0624003778	3.11352500148	0.00590353621819	0.0	0.0
14007	0.0210242304256	1.0617236364899998	1.88342064229	1.5680571859099999	3.91576291676	4.1803178162800005	8.94405802688	9.32249417454	10.2580724285	7.80699756469	1.5820733395200002	0.7743924873420001	2.57371620793	5.814951731869999	6.24419643639	4.0121239728800004	5.60120538921	5.184224819100001	18.7413494052	0.50983758782	0.0	0.0	0.0
14149	0.020504277064	3.5927337968199997	1.24691634896	2.05619453433	3.9278505750800004	5.59830839714	15.3179764842	11.7143497902	10.3098068113	5.6277832954199996	1.19373338032	0.37420305641900004	1.091211995	0.588857206933	0.869509499247	3.37423509435	19.6366898408	3.6343831096	9.45631627847	0.367795469836	0.000640758658251	0.0	0.0
14237	0.009024017770370001	0.46924892405900004	0.486602804387	1.3487435790600002	2.18172983479	4.05108982368	11.839511314700001	13.8754685548	12.465639317	9.387060946830001	1.5674024711899999	2.31431348049	0.728168818548	0.744828543662	0.9961127308069999	4.400944051090001	17.4906289046	14.263501318900001	1.3792864084399998	0.000694155213106	0.0	0.0	0.0
14083	0.028481012658199998	0.790084388186	0.62447257384	1.54430379747	2.8776371307999997	5.915611814349999	12.723628692	10.6234177215	6.6592827004199995	4.99578059072	1.53375527426	0.82805907173	1.51054852321	2.00316455696	2.41033755274	3.9145569620300003	18.5	12.050632911400001	10.265822784800001	0.20042194092799998	0.0	0.0	0.0
14303	0.0203706218595	0.772231755948	0.407412437191	1.02038296769	1.84508450722	3.5593032012699997	10.2779046655	9.05505006235	9.0667786022	6.90996185138	1.54693267818	1.05433400412	1.65557599477	1.05556858727	1.29939875801	6.153779676290001	24.8484549192	17.3631773232	2.08521092853	0.0030864578574999997	0.0	0.0	0.0
14407	0.0016522098306500001	0.650970673276	0.705493597687	1.0276745146600001	3.13093762908	7.29120198265	13.4076827757	11.5291201983	11.5852953325	7.543990086739999	0.902106567534	0.35852953325099995	0.6807104502269999	0.682362660058	0.8095828170180001	3.5919041718300004	19.0400660884	15.5159025196	1.5117719950400001	0.033044196612999996	0.0	0.0	0.0
